# Created by Octave 6.4.0, Mon Jan 03 10:37:53 2022 GMT <unknown@ANAND>
# name: x
# type: scalar
1


# name: y
# type: range
# base, length, increment
1 3 0


