# Created by Octave 6.4.0, Mon Jan 03 10:37:13 2022 GMT <unknown@ANAND>
# name: Area
# type: scalar
50.26548245743669


# name: Volume
# type: scalar
33.510321638291124


# name: c
# type: matrix
# rows: 2
# columns: 1
 1
 5


# name: x
# type: scalar
1


# name: y
# type: range
# base, length, increment
1 3 0


# name: z
# type: matrix
# rows: 1
# columns: 2
 1 5


